1.000000
0.000000
0.000000
0.000000
3.000000
0.199956
0.033333
-0.022222
0.005980
-0.033540
-0.349531
2.000000
0.619202
3.300511
0.022631
-0.090701
1.604049
2.044444
0.000000
1.694685
8.295247
-1.511195
1.986813
0.000000
0.000000
1.000000
-1.975630
2.196789
3.885912
-0.088889
0.113662
0.190307
1.000000
1.379831
5.435197
0.133333
-0.536585
1.202699
0.000000
0.000000
1.000000
-0.483825
2.512647
3.245156
-0.088889
0.112541
1.157823
1.000000
2.602674
7.239181
0.133333
2.437658
-4.155054
0.000000
0.000000
5.797330
-2.381567
-1.875627
3.744850
0.000000
0.000000
5.421231
7.619314
0.288889
-0.222222
1.000000
0.000000
0.000000
0.000000
0.000000
2.000000
4.822880
-1.137988
3.234445
-0.569240
-0.570078
0.635496
1.000000
2.000000
2.214389
7.007503
0.088889
-0.000000
1.677778
-1.877128
-0.203171
3.951640
-2.945054
1.067081
2.938142
-3.721030
-1.103147
0.155610
-0.709835
4.434760
0.266667
-0.259892
-0.065047
3.084380
-0.193806
-7.613202
2.275592
-4.282872
0.947325
1.361461
0.333333
-0.133333
1.675226
-0.963572
5.169632
-0.164254
-5.724938
1.039795
-6.201142
7.571101
1.346413
0.333333
-0.133333
1.395906
-3.477931
1.853119
-2.841785
4.059811
2.357404
-2.149198
0.233333
0.000000
-0.055556
1.000000
0.000000
0.000000
1.677788
2.559142
0.044444
-0.100946
4.389492
1.000000
14.151510
-1.643875
0.000000
0.033333
0.022222
1.811111
-1.393636
-0.201747
3.504228
-3.228884
0.954006
2.783702
-2.332500
-1.454932
-2.015545
-0.725002
2.846341
0.266667
0.521440
-1.615713
3.943373
-2.607478
-5.085553
0.094694
-2.952410
-0.832391
-5.152410
0.333333
-0.133333
2.070543
-0.678137
6.856900
-2.533984
-2.737280
-0.387933
-4.003701
6.514564
-5.016099
0.333333
-0.133333
1.348831
-1.200624
2.058143
-4.780496
6.014045
4.870874
-4.436566
0.233333
-0.000000
-0.055556
1.000000
0.000000
0.000000
2.612136
0.127302
0.044444
-0.103731
5.694233
1.000000
12.389503
2.017167
0.000000
0.033333
0.022222
1.827109
0.460674
0.064567
0.455905
-0.707467
1.320194
3.425025
-0.531127
-2.101491
1.161223
0.422222
-0.339939
5.612259
-4.341665
-4.634259
-1.572616
2.196639
-12.215938
4.321751
0.555556
-0.044444
2.651003
0.811753
-2.865426
-1.047503
-4.320011
2.697439
-0.043504
-6.479164
0.200000
-0.068657
0.341299
-2.463026
0.986150
-5.341500
-6.770429
1.317444
-1.742484
2.300101
0.866667
1.309391
5.636461
-2.148593
1.000000
-9.212518
12.561555
-1.234303
0.126963
15.015148
1.866667
0.000000
0.000000
1.000000
1.000000
2.000000
1.000000
4.537601
-0.572948
-0.045493
-0.000000
0.044444
0.000000
-0.011604
0.064181
-1.124680
5.879873
5.124375
1.000000
1.000000
0.000000
1.000000
0.617876
-0.540081
0.064181
6.584939
-0.543119
-0.426293
6.714932
-0.233333
-0.033333
1.000000
1.000000
1.000000
0.000000
0.000000
0.000000
0.000000
12.175325
-4.567596
10.947973
3.227904
-0.100000
0.911111
0.000000
0.000000
1.000000
0.000000
0.000000
2.000000
-2.117890
9.174333
1.153252
0.022222
0.000000
0.822222
0.000000
0.000000
1.000000
0.000000
0.000000
0.000000
2.000000
1.000000
17.423052
13.096590
0.000000

