4669
3959
2043
3348
2066
4172
2265
3354
2188
3964
4808
3024
3486
2601
4876
5005
1894
734
4057
2324
3911
1814
2997
577
2940
3313
4363
1166
2443
3336
5010
5548
5077
20
2627
939
4955
85
2962
5420
401
4960
5659
5477
2220
4265
4914
2718
3809
3392
5626
5014
32
3835
2496
2294
5048
1529
589
3980
1027
3469
3943
307
1146
4574
5267
1576
3533
1048
4596
4160
4741
5435
105
352
5388
2670
815
2789
208
2277
4071
4824
4565
1149
467
5356
1895
961
5653
3686
4233
670
1197
1934
882
526
1341
275
3477
878
3561
632
1622
5324
1288
328
5338
3536
3779
2600
4307
470
2543
994
4814
5431
2148
4278
4376
4341
1904
1605
441
3300
5526
5440
4019
1416
2715
5242
1335
5386
3247
5254
2110
1517
3568
63
4464
3597
1782
3497
4266
4859
5336
2683
3584
828
962
1460
4816
5415
4611
2677
1912
4012
4354
5320
1447
2634
4813
4698
3372
591
1591
726
478
4776
4625
1662
4265
3641
3868
5352
1262
766
4165
2755
5537
1834
5134
3062
5063
3815
658
3047
3138
1804
4185
1094
3205
2613
1816
4515
5227
916
1441
15
5393
1447
625
4145
267
729
1754
1326
4850
5448
2092
5223
4474
2810
775
4998
3228
486
1799
3855
384
3603
5393
3452
2392
2112
259
4672
1622
457
1541
5041
489
5027
1269
5416
195
2089
1669
2634
5065
3970
2803
4524
5213
5642
5624
4969
2677
4526